



a1=0.467;
a2 = 0.40;
l1=a1/2;
l2 = a2/2;
ml1 = 40;
ml2 = 40;
ml3 = 10;
Il1 = 7;
Il2 = 6;
Il4 = 1;
m = ml1+ml2+ml3;